background(186, 145, 20); // wooden table
ellipse(200, 200, 350, 350); // plate
ellipse(200, 200, 300, 300); 
strokeWeight(4);

//NOODLES START
//rect(120,45,220,175);//BETWEEN PIXELS RANGE TOP: 120/295 95/185
//arc(x, y, 55, 65, 135,315)&-45,90)sidewaysguide
fill(189, 17, 17);
stroke(189, 17, 17);
arc(207, 140,230,175,-150,59);//saucebackground
stroke(227, 170, 70);
arc(150, 150,55,65,135,315);//22Xsideways
arc(261, 100,60,65,-45,90);
arc(240, 95,55,65,135,315);
arc(233, 185, 60,65,-45,90);
arc(295, 185, 55,65,135,315);
arc(301, 138,60,65,-45,90);
arc(150, 95,55,65,135,315);
arc(199, 77,60,65,-45,90);
arc(155, 185,55,65,135,315);
arc(216, 145,60,65,-45,90);
arc(295, 127,55,65,135,315);
arc(150, 130,60,65,-45,90);
arc(203, 103,55,65,135,315);
arc(213, 113,60,65,-45,90);
arc(153, 127,55,65,135,315);//BETWEEN PIXELS RANGE TOP: 120/295 95/185
arc(177, 107,60,65,-45,90);
arc(200, 185,55,65,135,315);
arc(217, 180,60,65,-45,90);
arc(199, 99,55,65,135,315);
arc(295, 179,60,65,-45,90);
arc(277, 155,55,65,135,315);
arc(155, 169,60,65,-45,90);
//arc(x, y, 59,39, 5, 185)-180,0)horizontalguide//BETWEEN PIXELS RANGE TOP: 120/295 95/185
arc(127, 97,59,39,5,185);//11Xhorizontal
arc(135, 185,56,41,-180,0);
arc(195, 103,59,39,5,185);
arc(166, 145,56,41,-180,0);
arc(217, 150,59,39,5,185);
arc(201, 133,56,41,-180,0);
arc(239, 127,59,39,5,185);
arc(210, 117,56,41,-180,0);
arc(265, 105,59,39,5,185);
arc(277, 177,56,41,-180,0);
arc(290, 113,59,39,0,180);
//arc(x, y, 47,55,90,270)-87,93)//verticalguide//BETWEEN PIXELS RANGE TOP: 120/295 95/185
arc(134, 97,47,55,90,270);//11Xvertical
arc(115, 115,55,41,-87,93);
arc(235, 115,47,55,90,270);
arc(166, 100,55,41,-87,93);
arc(170, 137,47,55,90,270);
arc(200, 185,55,41,-87,93);
arc(200, 189,47,55,90,270);
arc(277, 175,55,41,-87,93);
arc(201, 160,47,55,90,270);
arc(250, 137,55,41,-87,93);
arc(195, 133,47,55,0,180);
//NOODLES END
//ASPARAGUS 169
strokeWeight(11);
stroke(34, 130, 34);
line(83,116,97,285);
line(93,116,116,285);
line(71,137,137,295);
line(59,166,137,265);
line(67,140,120,315);
line(84,285,119,160);
line(84,265,119,140);
line(69,255,114,120);
//steak
strokeWeight(1);
stroke(46, 34, 46);//a bit of purple
fill(87, 28, 24);
rect(135,225,150,100);
strokeWeight(7);
line(145,275,175,310);
line(150,245,200,315);
line(180,245,220,300);
line(210,235,255,310);
line(245,245,275,300);
